135
114
151
145
133
143
189
136
159
119
107
102
118
172
123
103
190
188
153
130
189
122
185
144
109
154
166
159
197
120
183
157
176
181
161
116
162
110
115
165
179
172
154
140
168
148
177
141
198
134
146
149
179
176
174
137
158
158
111
104
132
100
147
120
156
155
199
195
165
163
178
184
102
148
140
112
180
153
182
184
199
135
130
129
157
142
105
182
145
194
129
133
126
170
171
112
140
148
128
191
126
154
168
182
180
169
190
110
119
164
193
157
149
101
171
107
178
109
195
163
125
132
192
101
179
104
149
165
178
132
190
148
187
184
199
126
198
178
176
190
192
152
155
131
148
151
108
135
103
192
139
159
110
169
193
118
137
174
177
122
100
173
198
159
190
121
109
106
161
168
151
125
113
141
154
171
178
136
128
104
162
177
132
131
108
111
199
107
120
133
126
198
140
135
192
154
137
155
166
139
168
119
